[gd_scene load_steps=8 format=3 uid="uid://chdqbo6xupdyp"]

[ext_resource type="PackedScene" path="res://objects/Gameplay/Common/HQ_PlayerSpawner.tscn" id="1_7jdii"]
[ext_resource type="PackedScene" uid="uid://jv31so3xcr7p" path="res://addons/bf_portal/portal_tools/types/PolygonVolume/PolygonVolume.tscn" id="2_cjtf1"]
[ext_resource type="PackedScene" path="res://objects/entities/SpawnPoint.tscn" id="3_d43tv"]
[ext_resource type="PackedScene" path="res://objects/Gameplay/Common/CombatArea.tscn" id="4_j3foq"]
[ext_resource type="PackedScene" path="res://static/MP_Badlands_Terrain.tscn" id="5_wg2ld"]
[ext_resource type="PackedScene" path="res://static/MP_Badlands_Assets.tscn" id="6_xtx4v"]
[ext_resource type="PackedScene" path="res://objects/Gameplay/Common/DeployCam.tscn" id="7_5nhbk"]

[node name="MP_Badlands" type="Node3D"]

[node name="TEAM_1_HQ" parent="." node_paths=PackedStringArray("HQArea", "InfantrySpawns") instance=ExtResource("1_7jdii")]
transform = Transform3D(1, 0, 0, 0, 1, 0, 0, 0, 1, -164.965, 76.3209, -322.587)
AltTeam = 0
ObjId = 1
HQArea = NodePath("HQ_Team1")
InfantrySpawns = [NodePath("SpawnPoint_1_1"), NodePath("SpawnPoint_1_2"), NodePath("SpawnPoint_1_3"), NodePath("SpawnPoint_1_4")]

[node name="HQ_Team1" parent="TEAM_1_HQ" instance=ExtResource("2_cjtf1")]
transform = Transform3D(1, 0, 0, 0, 1, 0, 0, 0, 1, 0, 5, 0)
points = PackedVector2Array(5, 5, 5, -5, -5, -5, -5, 5)

[node name="SpawnPoint_1_1" parent="TEAM_1_HQ" instance=ExtResource("3_d43tv")]
transform = Transform3D(0.999884, 0, -0.0152535, 0, 1, 0, 0.0152535, 0, 0.999884, 0, 0, -3)

[node name="SpawnPoint_1_2" parent="TEAM_1_HQ" instance=ExtResource("3_d43tv")]
transform = Transform3D(-0.9995, 0, -0.0316198, 0, 1, 0, 0.0316198, 0, -0.9995, 3, 0, 0)

[node name="SpawnPoint_1_3" parent="TEAM_1_HQ" instance=ExtResource("3_d43tv")]
transform = Transform3D(-0.0428871, 0, 0.99908, 0, 1, 0, -0.99908, 0, -0.0428871, -3, 0, 0)

[node name="SpawnPoint_1_4" parent="TEAM_1_HQ" instance=ExtResource("3_d43tv")]
transform = Transform3D(0.0841819, 0, -0.99645, 0, 1, 0, 0.99645, 0, 0.0841819, 0, 0, 3)

[node name="TEAM_2_HQ" parent="." node_paths=PackedStringArray("HQArea", "InfantrySpawns") instance=ExtResource("1_7jdii")]
transform = Transform3D(1, 0, 0, 0, 1, 0, 0, 0, 1, -57.4194, 73.3996, -282.356)
Team = 2
AltTeam = 0
ObjId = 2
HQArea = NodePath("HQ_Team2")
InfantrySpawns = [NodePath("SpawnPoint_2_1"), NodePath("SpawnPoint_2_2"), NodePath("SpawnPoint_2_3"), NodePath("SpawnPoint_2_4")]

[node name="HQ_Team2" parent="TEAM_2_HQ" instance=ExtResource("2_cjtf1")]
transform = Transform3D(1, 0, 0, 0, 1, 0, 0, 0, 1, 0, 5, 0)
points = PackedVector2Array(5, 5, 5, -5, -5, -5, -5, 5)

[node name="SpawnPoint_2_1" parent="TEAM_2_HQ" instance=ExtResource("3_d43tv")]
transform = Transform3D(0.87795, 0, -0.478754, 0, 1, 0, 0.478754, 0, 0.87795, 0, 0, -3)

[node name="SpawnPoint_2_2" parent="TEAM_2_HQ" instance=ExtResource("3_d43tv")]
transform = Transform3D(-0.997604, 0, 0.0691822, 0, 1, 0, -0.0691822, 0, -0.997604, 3, 0, 0)

[node name="SpawnPoint_2_3" parent="TEAM_2_HQ" instance=ExtResource("3_d43tv")]
transform = Transform3D(0.162758, 0, 0.986666, 0, 1, 0, -0.986666, 0, 0.162758, -3, 0, 0)

[node name="SpawnPoint_2_4" parent="TEAM_2_HQ" instance=ExtResource("3_d43tv")]
transform = Transform3D(-0.165771, 0, -0.986164, 0, 1, 0, 0.986164, 0, -0.165771, 0, 0, 3)

[node name="CombatArea" parent="." node_paths=PackedStringArray("CombatVolume") instance=ExtResource("4_j3foq")]
transform = Transform3D(1, 0, 0, 0, 1, 0, 0, 0, 1, 1458.32, 33.5003, 0)
CombatVolume = NodePath("CombatVolume")

[node name="CombatVolume" parent="CombatArea" instance=ExtResource("2_cjtf1")]
transform = Transform3D(1, 0, 0, 0, 1, 0, 0, 0, 1, -1379.83, 57.362, -253.193)
points = PackedVector2Array(-556.633, -488.918, -558.44, -164.491, -495.59, -29.1942, -353.239, 341.396, -133.505, 457.366, 369.125, 455.649, 380.469, 182.82, 363.634, -38.399, 351.609, -373.322, -141.071, -432.455)
height = 100.0

[node name="Camera3D" type="Camera3D" parent="."]
transform = Transform3D(1, 0, 0, 0, 0.101056, 0.994881, 0, -0.994881, 0.101056, -46.1241, 417.917, -213.601)

[node name="DeployCam" parent="Camera3D" instance=ExtResource("7_5nhbk")]

[node name="Static" type="Node3D" parent="."]

[node name="MP_Badlands_Terrain" parent="Static" instance=ExtResource("5_wg2ld")]
metadata/_edit_lock_ = true

[node name="MP_Badlands_Assets" parent="Static" instance=ExtResource("6_xtx4v")]
metadata/_edit_lock_ = true