[gd_scene load_steps=75 format=3 uid="uid://d4hbc4j7ke5yw"]

[ext_resource type="PackedScene" path="res://objects/Gameplay/Common/Sector.tscn" id="1_2i60k"]
[ext_resource type="PackedScene" uid="uid://jv31so3xcr7p" path="res://addons/bf_portal/portal_tools/types/PolygonVolume/PolygonVolume.tscn" id="2_cjtf1"]
[ext_resource type="PackedScene" path="res://objects/Gameplay/Common/CombatArea.tscn" id="2_pw5n7"]
[ext_resource type="PackedScene" path="res://static/MP_FireStorm_Terrain.tscn" id="4_j3812"]
[ext_resource type="PackedScene" path="res://static/MP_FireStorm_Assets.tscn" id="5_nc15e"]
[ext_resource type="PackedScene" path="res://objects/Gameplay/Common/InteractPoint.tscn" id="6_t5t0i"]
[ext_resource type="PackedScene" path="res://objects/Gameplay/Common/WorldIcon.tscn" id="7_6otnu"]
[ext_resource type="PackedScene" path="res://objects/Global/Generic/Military/Props/CrateAmmo_01_StackA.tscn" id="8_pv4rp"]
[ext_resource type="PackedScene" path="res://objects/Global/Generic/Common/Props/AmmoChest_Small_01.tscn" id="9_02cq0"]
[ext_resource type="PackedScene" path="res://objects/Gameplay/Common/HQ_PlayerSpawner.tscn" id="10_gfvww"]
[ext_resource type="PackedScene" path="res://objects/entities/SpawnPoint.tscn" id="11_dcbts"]
[ext_resource type="PackedScene" path="res://objects/Shared/Generic/Common/Props/WorkBench_01.tscn" id="12_t5t0i"]
[ext_resource type="PackedScene" path="res://objects/Gameplay/Common/VehicleSpawner.tscn" id="13_adqkp"]
[ext_resource type="PackedScene" path="res://objects/Shared/Generic/Military/Architecture/WeaponCasesPallet_01.tscn" id="13_pv4rp"]
[ext_resource type="PackedScene" path="res://objects/Global/Generic/Common/Props/WeaponsCache_01_Crate_B.tscn" id="14_02cq0"]
[ext_resource type="PackedScene" path="res://objects/Gameplay/Conquest/CapturePoint.tscn" id="14_unak2"]
[ext_resource type="PackedScene" path="res://objects/Global/Generic/Military/Props/CrateAmmo_01_StackC.tscn" id="15_0lgk8"]
[ext_resource type="PackedScene" path="res://objects/Turkmenistan/MP_FireStorm/Generic/Industrial/Props/StairsRefinery_02.tscn" id="15_yxhka"]
[ext_resource type="PackedScene" path="res://objects/Global/Generic/Common/Architecture/HighwayOverpass_Straight_01_4096.tscn" id="16_0lgk8"]
[ext_resource type="PackedScene" path="res://objects/Turkmenistan/MP_FireStorm/Generic/Military/Props/Barrack_01_A_Firestorm.tscn" id="17_0fj2k"]
[ext_resource type="PackedScene" path="res://objects/Shared/Generic/Military/Props/BarrierHesco_01_256x240.tscn" id="17_6otnu"]
[ext_resource type="PackedScene" path="res://objects/Gameplay/Common/StationaryEmplacementSpawner.tscn" id="19_xe7k7"]
[ext_resource type="PackedScene" path="res://objects/Gameplay/AI/AI_Spawner.tscn" id="20_vom8r"]
[ext_resource type="PackedScene" path="res://objects/Turkmenistan/MP_FireStorm/Generic/Industrial/Architecture/Warehouse_01_A.tscn" id="21_lr3ph"]
[ext_resource type="PackedScene" path="res://objects/Turkmenistan/MP_FireStorm/Generic/Industrial/Props/RefineryChimney_01.tscn" id="23_000d1"]
[ext_resource type="PackedScene" path="res://objects/Turkmenistan/MP_FireStorm/Generic/Industrial/Props/RefineryConstruction_01.tscn" id="24_l5xhh"]
[ext_resource type="PackedScene" path="res://objects/Shared/Nature/DirtMoundLarge_01.tscn" id="25_l7dyv"]
[ext_resource type="PackedScene" path="res://objects/Turkmenistan/MP_FireStorm/Generic/Military/Props/BarrierHesco_01_Row06.tscn" id="26_q04x1"]
[ext_resource type="PackedScene" path="res://objects/Shared/Nature/RockDarkMedium_07.tscn" id="27_pt3y2"]
[ext_resource type="PackedScene" path="res://objects/Shared/Nature/RockDarkMedium_08.tscn" id="28_no8sp"]
[ext_resource type="PackedScene" path="res://objects/Shared/Generic/Common/Nature/DeadBush_01_S_B.tscn" id="29_kyian"]
[ext_resource type="PackedScene" path="res://objects/Shared/Nature/RockDarkMedium_03.tscn" id="30_68e0v"]
[ext_resource type="PackedScene" path="res://objects/Turkmenistan/MP_FireStorm/Generic/Military/Props/BarrierHesco_01_Row01b.tscn" id="31_rle1h"]
[ext_resource type="PackedScene" path="res://objects/Turkmenistan/MP_FireStorm/Generic/Military/Architecture/ImprovisedGuardTower_06.tscn" id="32_jo3if"]
[ext_resource type="PackedScene" path="res://objects/Turkmenistan/MP_FireStorm/Generic/Military/Architecture/ImprovisedGuardTower_01_Sand.tscn" id="33_xnfaq"]
[ext_resource type="PackedScene" path="res://objects/Turkmenistan/MP_FireStorm/Generic/Military/Props/BarrierConcreteWall_01_Row2.tscn" id="34_7c4is"]
[ext_resource type="PackedScene" path="res://objects/Turkmenistan/MP_FireStorm/Generic/Industrial/Props/RefineryTowerPlatform_01_B.tscn" id="35_kjthr"]
[ext_resource type="PackedScene" path="res://objects/Turkmenistan/MP_FireStorm/Generic/Industrial/Architecture/ConcreteBrickStack_04.tscn" id="36_4u3at"]
[ext_resource type="PackedScene" path="res://objects/Global/Generic/Industrial/Architecture/WalkwayLadder_512_NoDestruction.tscn" id="37_gox0w"]
[ext_resource type="PackedScene" path="res://objects/Shared/Generic/Common/Props/GarbageCluster_02_VFX.tscn" id="38_u45tl"]
[ext_resource type="PackedScene" path="res://objects/Turkmenistan/MP_FireStorm/Uncategorized/Crater_AP_Firestorm.tscn" id="39_hgq7e"]
[ext_resource type="PackedScene" path="res://objects/Turkmenistan/MP_FireStorm/Generic/Industrial/Architecture/Warehouse_01_C.tscn" id="41_xv6ag"]
[ext_resource type="PackedScene" path="res://objects/Shared/Generic/Military/Props/BarrierConcreteWall_01_Row3.tscn" id="42_fx7j7"]
[ext_resource type="PackedScene" path="res://objects/Turkmenistan/MP_FireStorm/Generic/Industrial/Architecture/ConstructionSite_02_B.tscn" id="43_fsrq6"]
[ext_resource type="PackedScene" path="res://objects/Global/Generic/Industrial/Architecture/WalkwayLadder_768_NoDestruction.tscn" id="44_pv4rp"]
[ext_resource type="PackedScene" path="res://objects/Shared/Props/NASARADAR_01_A_UNGROUPED.tscn" id="44_pw5n7"]
[ext_resource type="PackedScene" path="res://objects/Shared/Generic/Military/Props/FencePerimeter_01_384.tscn" id="45_khqby"]
[ext_resource type="PackedScene" path="res://objects/Turkmenistan/MP_FireStorm/Generic/Industrial/Props/StairsRefineryPlatform_01_256x512x32.tscn" id="51_yxhka"]
[ext_resource type="PackedScene" path="res://objects/Turkmenistan/MP_FireStorm/Generic/Industrial/Props/StairsRefinery_01_B_628x512x216.tscn" id="52_0lgk8"]
[ext_resource type="PackedScene" path="res://objects/Turkmenistan/MP_FireStorm/Generic/Industrial/Props/RefineryRailing_01_C90_128.tscn" id="53_0fj2k"]
[ext_resource type="PackedScene" path="res://objects/Turkmenistan/MP_FireStorm/Generic/Industrial/Props/RefineryRailing_01_End_128.tscn" id="54_5fi8c"]
[ext_resource type="PackedScene" path="res://objects/Turkmenistan/MP_FireStorm/Generic/Industrial/Props/Maze_03.tscn" id="54_vom8r"]
[ext_resource type="PackedScene" path="res://objects/Shared/Props/NASA01_A.tscn" id="55_lr3ph"]
[ext_resource type="PackedScene" path="res://objects/Turkmenistan/MP_FireStorm/Generic/Industrial/Props/RefineryRailing_01_256.tscn" id="55_xe7k7"]
[ext_resource type="PackedScene" path="res://objects/Shared/Props/NASA01_B_UNGROUPED.tscn" id="56_mdqej"]
[ext_resource type="PackedScene" path="res://objects/Turkmenistan/MP_FireStorm/Generic/Industrial/Props/RefineryRailing_01_Mid.tscn" id="56_vom8r"]
[ext_resource type="PackedScene" path="res://objects/Global/Generic/Industrial/Architecture/ConstructionSetPillarChip_01_B_128x512x128.tscn" id="57_lr3ph"]
[ext_resource type="PackedScene" path="res://objects/Global/Generic/Common/Architecture/HighwayOverpass_Foundation_01.tscn" id="57_yxhka"]
[ext_resource type="PackedScene" path="res://objects/Turkmenistan/MP_FireStorm/Generic/Common/Architecture/OilBarrel_Pallet_01.tscn" id="58_000d1"]
[ext_resource type="PackedScene" path="res://objects/Turkmenistan/MP_FireStorm/Generic/Industrial/Props/StairsRefineryPlatform_01_320x512x32.tscn" id="60_rle1h"]
[ext_resource type="PackedScene" path="res://objects/Global/Generic/Military/Props/SandBags_01_256x60.tscn" id="61_jo3if"]
[ext_resource type="PackedScene" path="res://objects/Turkmenistan/MP_FireStorm/Generic/Industrial/Props/OilChimney_01_Constraction.tscn" id="61_l5xhh"]
[ext_resource type="PackedScene" path="res://objects/Global/Generic/Military/Props/SandBags_01_256x180.tscn" id="62_xnfaq"]
[ext_resource type="PackedScene" path="res://objects/Shared/Generic/Military/Props/SandBags_01_256x60_DDPF.tscn" id="63_7c4is"]
[ext_resource type="PackedScene" path="res://objects/Turkmenistan/MP_FireStorm/Generic/Military/Props/SandBags_01_256x60_x2.tscn" id="63_rle1h"]
[ext_resource type="PackedScene" path="res://objects/Shared/Generic/Military/Props/SandBags_01_C45_a_DDPF.tscn" id="64_kjthr"]
[ext_resource type="PackedScene" path="res://objects/Shared/Generic/Military/Props/SandBags_01_C90_a_DDPF.tscn" id="65_4u3at"]
[ext_resource type="PackedScene" path="res://objects/Shared/Generic/Military/Props/SandBags_01_256x180_DDPF.tscn" id="66_gox0w"]
[ext_resource type="PackedScene" path="res://objects/Global/Generic/Military/Props/SandBags_01_C90_A.tscn" id="67_u45tl"]
[ext_resource type="PackedScene" path="res://objects/Shared/Generic/Industrial/Props/SiloMedium_01.tscn" id="71_hgq7e"]
[ext_resource type="PackedScene" path="res://objects/Shared/Generic/Industrial/Props/SiloMedium_01_Pipes.tscn" id="72_veao8"]
[ext_resource type="PackedScene" path="res://objects/Shared/Generic/Military/Architecture/SuppliesPack_01.tscn" id="73_xv6ag"]
[ext_resource type="PackedScene" path="res://objects/Turkmenistan/MP_FireStorm/Generic/Industrial/Props/OilChimney_01.tscn" id="74_jo3if"]
[ext_resource type="PackedScene" path="res://objects/Gameplay/Common/DeployCam.tscn" id="75_xnfaq"]

[node name="MP_FireStorm" type="Node3D"]

[node name="Portal_Sector" parent="." node_paths=PackedStringArray("CapturePoints") instance=ExtResource("1_2i60k")]
transform = Transform3D(1, 0, 0, 0, 1, 0, 0, 0, 1, 22.7105, 239.66, -76.8017)
CapturePoints = [NodePath("../BaseAirport1/CapturePoint1"), NodePath("../BaseAirport2/CapturePoint1"), NodePath("../TankYard2/CapturePoint2"), NodePath("../HeliBase1/CapturePoint2"), NodePath("../HeliBase2/CapturePoint2"), NodePath("../CenterBase/CapturePoint2"), NodePath("../TankYard1/CapturePoint2")]

[node name="CombatArea" parent="." node_paths=PackedStringArray("CombatVolume") instance=ExtResource("2_pw5n7")]
transform = Transform3D(1, 0, 0, 0, 1, 0, 0, 0, 1, -58.2441, 93.4144, 34.2265)
CombatVolume = NodePath("CollisionPolygon3D")

[node name="CollisionPolygon3D" parent="CombatArea" instance=ExtResource("2_cjtf1")]
transform = Transform3D(1, 0, 0, 0, 1, 0, 0, 0, 1, 129.825, 83.381, -100.438)
points = PackedVector2Array(-531.057, -495.867, -696.34, -437.501, -625.854, -134.842, -659.55, 77.2233, -682.523, 234.801, -595.92, 360.116, -516.233, 471.348, -413.929, 535.907, 13.9227, 497.858, 161.086, 475.545, 378.389, 469.511, 447.35, 219.002, 549.191, -6.86501, 599.678, -163.84, 601.787, -266.549, 475.922, -350.618, 348.145, -444.321, 172.328, -448.883, -168.995, -454.2)
height = 100.0
metadata/_edit_lock_ = true

[node name="Static" type="Node3D" parent="."]

[node name="MP_FireStorm_Terrain" parent="Static" instance=ExtResource("4_j3812")]

[node name="MP_FireStorm_Assets" parent="Static" instance=ExtResource("5_nc15e")]

[node name="TeamOneMainBase" type="Node3D" parent="."]
transform = Transform3D(1, 0, 0, 0, 1, 0, 0, 0, 1, -348.934, 120.649, -331.689)

[node name="ShopInteractPoint" type="Node3D" parent="TeamOneMainBase"]
transform = Transform3D(1, 0, 0, 0, 1, 0, 0, 0, 1, -7.78732, 3.23676, 8.63168)

[node name="ModBuilder_InteractPoint" parent="TeamOneMainBase/ShopInteractPoint" instance=ExtResource("6_t5t0i")]
transform = Transform3D(1, 0, 0, 0, 1, 0, 0, 0, 1, 0, 2.26524, 0.0380249)
ObjId = 1

[node name="WorldIcon" parent="TeamOneMainBase/ShopInteractPoint" instance=ExtResource("7_6otnu")]
transform = Transform3D(1, 0, 0, 0, 1, 0, 0, 0, 1, 0, 2.56754, 0.0380249)
ObjId = 10
IconStringKey = "Base Upgrade Shop"
iconTextVisible = true
iconColor = [1.0, 1.0, 0.0]
iconImagePicker = 3
iconImageVisible = true
iconTeamOwnerId = 1

[node name="CrateAmmo_01_StackA" parent="TeamOneMainBase/ShopInteractPoint" instance=ExtResource("8_pv4rp")]
transform = Transform3D(1, 0, 0, 0, 1, 0, 0, 0, 1, 0.989746, 0.0512619, 0.163971)

[node name="AmmoChest_Small_01" parent="TeamOneMainBase/ShopInteractPoint/CrateAmmo_01_StackA" instance=ExtResource("9_02cq0")]
transform = Transform3D(0.0523671, 0.00389943, -0.99862, -0.00261033, 0.999989, 0.0037679, 0.998624, 0.00240943, 0.0523767, -0.708099, 1.22723, 0.053772)

[node name="TEAM_1_HQ" parent="TeamOneMainBase" node_paths=PackedStringArray("HQArea", "InfantrySpawns") instance=ExtResource("10_gfvww")]
transform = Transform3D(1, 0, 0, 0, 1, 0, 0, 0, 1, -21.489, 3.28476, 8.58606)
AltTeam = 0
ObjId = 1
HQArea = NodePath("HQ_Team1")
InfantrySpawns = [NodePath("SpawnPoint_1_1"), NodePath("SpawnPoint_1_2"), NodePath("SpawnPoint_1_3"), NodePath("SpawnPoint_1_4")]

[node name="HQ_Team1" parent="TeamOneMainBase/TEAM_1_HQ" instance=ExtResource("2_cjtf1")]
transform = Transform3D(1, 1.78814e-07, 0, 0, 0, -1, -1.78814e-07, 1, 0, 0, 5, 0)
points = PackedVector2Array(5, 5, 5, -5, -5, -5, -5, 5)

[node name="SpawnPoint_1_1" parent="TeamOneMainBase/TEAM_1_HQ" instance=ExtResource("11_dcbts")]
transform = Transform3D(0.0152535, 0, 0.999884, 0, 1, 0, -0.999884, 0, 0.0152535, 0, 0, -3)

[node name="SpawnPoint_1_2" parent="TeamOneMainBase/TEAM_1_HQ" instance=ExtResource("11_dcbts")]
transform = Transform3D(-0.0316198, 0, 0.9995, 0, 1, 0, -0.9995, 0, -0.0316198, 3, 0, 0)

[node name="SpawnPoint_1_3" parent="TeamOneMainBase/TEAM_1_HQ" instance=ExtResource("11_dcbts")]
transform = Transform3D(-0.0428871, 0, 0.99908, 0, 1, 0, -0.99908, 0, -0.0428871, -3, 0, 0)

[node name="SpawnPoint_1_4" parent="TeamOneMainBase/TEAM_1_HQ" instance=ExtResource("11_dcbts")]
transform = Transform3D(-0.084182, 0, 0.99645, 0, 1, 0, -0.99645, 0, -0.084182, 0, 0, 3)

[node name="RuntimeSpawn" type="Node3D" parent="TeamOneMainBase"]
transform = Transform3D(1, 0, 0, 0, 1, 0, 0, 0, 1, 0, -50, 0)

[node name="BikeSpawner2" type="Node3D" parent="TeamOneMainBase/RuntimeSpawn"]
transform = Transform3D(0.998471, 0.0552813, 0, -0.0552813, 0.998471, 0, 0, 0, 1, 22.5285, 2.46362, 31.425)

[node name="WorkBench_01" parent="TeamOneMainBase/RuntimeSpawn/BikeSpawner2" instance=ExtResource("12_t5t0i")]
transform = Transform3D(-0.998471, -0.0552813, -8.72891e-08, -0.0552813, 0.998471, -4.83285e-09, 8.74228e-08, 0, -1, -34.4457, -1.08473, -2.3642)

[node name="WeaponCasesPallet_01" parent="TeamOneMainBase/RuntimeSpawn/BikeSpawner2" instance=ExtResource("13_pv4rp")]
transform = Transform3D(-0.998471, -0.0552813, 8.72892e-08, -0.0552813, 0.998471, 4.83285e-09, -8.74228e-08, 1.33227e-15, -1, -30.8315, -0.915176, -1.63672)

[node name="BikeSpawner3" type="Node3D" parent="TeamOneMainBase/RuntimeSpawn"]
transform = Transform3D(0.998471, 0.0552813, 0, -0.0552813, 0.998471, 0, 0, 0, 1, 22.5285, -1.18845, -15.8324)

[node name="WorkBench_02" parent="TeamOneMainBase/RuntimeSpawn/BikeSpawner3" instance=ExtResource("12_t5t0i")]
transform = Transform3D(-0.998471, -0.0552813, -8.72891e-08, -0.0552813, 0.998471, -4.83285e-09, 8.74228e-08, 0, -1, -50.9222, 1.66067, 44.8154)

[node name="WeaponsCache_01_Crate_B" parent="TeamOneMainBase/RuntimeSpawn/BikeSpawner3" instance=ExtResource("14_02cq0")]
transform = Transform3D(-0.998471, -0.0552813, 8.72891e-08, -0.0552813, 0.998471, 4.83285e-09, -8.74228e-08, 1.33227e-15, -1, -53.8302, 1.51543, 45.6561)

[node name="CarSpawner" type="Node3D" parent="TeamOneMainBase/RuntimeSpawn"]

[node name="CrateAmmo_01_StackA" parent="TeamOneMainBase/RuntimeSpawn/CarSpawner" instance=ExtResource("8_pv4rp")]
transform = Transform3D(1, 0, 0, 0, 1, 0, 0, 0, 1, -29.579, 3.28632, 1.53699)

[node name="CrateAmmo_01_StackC" parent="TeamOneMainBase/RuntimeSpawn/CarSpawner" instance=ExtResource("15_0lgk8")]
transform = Transform3D(1, 0, 0, 0, 1, 0, 0, 0, 1, -32.665, 3.285, 1.513)

[node name="Helipad4" type="Node3D" parent="TeamOneMainBase/RuntimeSpawn"]
transform = Transform3D(1, 0, 0, 0, 1, 0, 0, 0, 1, -19.5179, -8.35155, -53.3643)

[node name="IND_ConstructionSite_02" parent="TeamOneMainBase/RuntimeSpawn/Helipad4" instance=ExtResource("43_fsrq6")]
transform = Transform3D(-1, 8.74228e-08, 0, -8.74228e-08, -1, 0, 0, 0, 1, -0.033432, 4.11454, -0.102722)

[node name="StairsRefinery_02" parent="TeamOneMainBase/RuntimeSpawn/Helipad4" instance=ExtResource("15_yxhka")]
transform = Transform3D(-4.37114e-08, 0, 1, 0, 1, 0, -1, 0, -4.37114e-08, -4.61691, -3.58878, -5.74759)

[node name="StairsRefinery_03" parent="TeamOneMainBase/RuntimeSpawn/Helipad4" instance=ExtResource("15_yxhka")]
transform = Transform3D(-1, 0, -8.74228e-08, 0, 1, 0, 8.74228e-08, 0, -1, -7.53499, -3.58878, 3.18668)

[node name="StairsRefinery_04" parent="TeamOneMainBase/RuntimeSpawn/Helipad4" instance=ExtResource("15_yxhka")]
transform = Transform3D(1.31134e-07, 0, -1, 0, 1, 0, 1, 0, 1.31134e-07, 4.01553, -3.58878, 5.52725)

[node name="StairsRefinery_05" parent="TeamOneMainBase/RuntimeSpawn/Helipad4" instance=ExtResource("15_yxhka")]
transform = Transform3D(1, 0, 1.74846e-07, 0, 1, 0, -1.74846e-07, 0, 1, 7.56537, -3.58878, -3.18823)

[node name="Spawners" type="Node3D" parent="TeamOneMainBase"]

[node name="buggySpawner" type="Node3D" parent="TeamOneMainBase/Spawners"]
transform = Transform3D(-4.37114e-08, 0, 1, 0, 1, 0, -1, 0, -4.37114e-08, -27.8285, 2.84122, 26.8954)

[node name="VehicleSpawner5" parent="TeamOneMainBase/Spawners/buggySpawner" instance=ExtResource("13_adqkp")]
transform = Transform3D(-4.37114e-08, 0, 1, 0, 1, 0, -1, 0, -4.37114e-08, 2.19662, 2.08186, 4.40195)
ObjId = 101
VehicleType = 10

[node name="VehicleSpawner6" parent="TeamOneMainBase/Spawners/buggySpawner" instance=ExtResource("13_adqkp")]
transform = Transform3D(-4.37114e-08, 0, 1, 0, 1, 0, -1, 0, -4.37114e-08, 2.29025, 2.08186, 0.310974)
ObjId = 102
VehicleType = 10

[node name="VehicleSpawner7" parent="TeamOneMainBase/Spawners/buggySpawner" instance=ExtResource("13_adqkp")]
transform = Transform3D(-4.37114e-08, 0, 1, 0, 1, 0, -1, 0, -4.37114e-08, 2.44769, 2.08186, -3.06036)
ObjId = 103
VehicleType = 10

[node name="VehicleSpawner8" parent="TeamOneMainBase/Spawners/buggySpawner" instance=ExtResource("13_adqkp")]
transform = Transform3D(2.98023e-08, 0, 1, 0, 1, 0, -1, 0, 2.98023e-08, 3.045, 2.082, -5.977)
ObjId = 104
VehicleType = 10

[node name="buggySpawner2" type="Node3D" parent="TeamOneMainBase/Spawners"]

[node name="VehicleSpawner" parent="TeamOneMainBase/Spawners/buggySpawner2" instance=ExtResource("13_adqkp")]
transform = Transform3D(-1, 0, -8.74228e-08, 0, 1, 0, 8.74228e-08, 0, -1, -10.1656, 5, 24.1142)
ObjId = 105
VehicleType = 10

[node name="VehicleSpawner2" parent="TeamOneMainBase/Spawners/buggySpawner2" instance=ExtResource("13_adqkp")]
transform = Transform3D(-1, 0, -8.74228e-08, 0, 1, 0, 8.74228e-08, 0, -1, -17.415, 5, 24.1142)
ObjId = 106
VehicleType = 10

[node name="VehicleSpawner3" parent="TeamOneMainBase/Spawners/buggySpawner2" instance=ExtResource("13_adqkp")]
transform = Transform3D(-1, 0, -8.74228e-08, 0, 1, 0, 8.74228e-08, 0, -1, -7.34058, 5, 24.1142)
ObjId = 107
VehicleType = 10

[node name="VehicleSpawner4" parent="TeamOneMainBase/Spawners/buggySpawner2" instance=ExtResource("13_adqkp")]
transform = Transform3D(-1, 0, -8.74228e-08, 0, 1, 0, 8.74228e-08, 0, -1, -14.0575, 5, 24.1142)
ObjId = 108
VehicleType = 10

[node name="CarSpawner" type="Node3D" parent="TeamOneMainBase/Spawners"]

[node name="VehicleSpawner9" parent="TeamOneMainBase/Spawners/CarSpawner" instance=ExtResource("13_adqkp")]
transform = Transform3D(0.0238388, 0, 0.999716, 0, 1, 0, -0.999716, 0, 0.0238388, -29.3804, 4.74972, -4.10985)
ObjId = 166
VehicleType = 9

[node name="transporthelispawner" type="Node3D" parent="TeamOneMainBase/Spawners"]
transform = Transform3D(1, 0, 0, 0, 1, 0, 0, 0, 1, -18.6118, 2.1189, -55.917)

[node name="VehicleSpawner" parent="TeamOneMainBase/Spawners/transporthelispawner" instance=ExtResource("13_adqkp")]
transform = Transform3D(-4.37114e-08, 0, 1, 0, 1, 0, -1, 0, -4.37114e-08, -0.649536, -1.66913, 1.75046)
ObjId = 125
VehicleType = 5
P_DefaultRespawnTime = 60

[node name="Static" type="Node3D" parent="TeamOneMainBase"]

[node name="Warehouse_01_A" parent="TeamOneMainBase/Static" instance=ExtResource("21_lr3ph")]
transform = Transform3D(-1, 0, -8.74228e-08, 0, 1, 0, 8.74228e-08, 0, -1, -5.34604, 3.28476, -10.2733)

[node name="HighwayOverpass_Straight_01_4096" parent="TeamOneMainBase/Static" instance=ExtResource("16_0lgk8")]
transform = Transform3D(0.965926, 0.258819, 0, -0.258819, 0.965926, 0, 0, 0, 1, 33.3717, -8.40168, 4.21686)

[node name="HighwayOverpass_Straight_01_4097" parent="TeamOneMainBase/Static" instance=ExtResource("16_0lgk8")]
transform = Transform3D(-8.9407e-08, -1.49012e-08, 1, -0.258819, 0.965926, 3.8567e-09, -0.965926, -0.258819, 0, -21.2616, -8.44337, -49.4627)

[node name="DirtMoundLarge_01" parent="TeamOneMainBase/Static" instance=ExtResource("25_l7dyv")]
transform = Transform3D(3.17265, 0, -2.43604, 0, 4, 0, 2.43604, 0, 3.17265, -7.72281, -6.83688, -8.62292)

[node name="DirtMoundLarge_02" parent="TeamOneMainBase/Static" instance=ExtResource("25_l7dyv")]
transform = Transform3D(2.43604, 0, 3.17265, 0, 4, 0, -3.17265, 0, 2.43604, -33.8336, -6.83688, -8.26678)

[node name="DirtMoundLarge_03" parent="TeamOneMainBase/Static" instance=ExtResource("25_l7dyv")]
transform = Transform3D(0.586956, 0, 3.9567, 0, 4, 0, -3.9567, 0, 0.586956, -36.3649, -5.18608, 1.93042)

[node name="DirtMoundLarge_04" parent="TeamOneMainBase/Static" instance=ExtResource("25_l7dyv")]
transform = Transform3D(-0.372471, 0, -3.98262, 0, 4, 0, 3.98262, 0, -0.372471, -36.3649, -5.81879, 12.5015)

[node name="DirtMoundLarge_05" parent="TeamOneMainBase/Static" instance=ExtResource("25_l7dyv")]
transform = Transform3D(-0.372471, 0, -3.98262, 0.686782, 3.94008, -0.0642308, 3.92296, -0.68978, -0.366891, -38.0724, -5.05937, 26.0208)

[node name="BarrierHesco_01_256x240" parent="TeamOneMainBase/Static" instance=ExtResource("17_6otnu")]
transform = Transform3D(1, 0, 0, 0, 1, 0, 0, 0, 1, 1.55231, 1.15942, 18.9237)

[node name="BarrierHesco_01_Row06" parent="TeamOneMainBase/Static" instance=ExtResource("26_q04x1")]
transform = Transform3D(1, 0, 0, 0, 1, 0, 0, 0, 1, -4.40155, 0.829071, 16.7758)

[node name="BarrierHesco_01_Row07" parent="TeamOneMainBase/Static" instance=ExtResource("26_q04x1")]
transform = Transform3D(1, 0, 0, 0, 1, 0, 0, 0, 1, -4.40155, 0.829071, 21.8721)

[node name="BarrierHesco_01_Row08" parent="TeamOneMainBase/Static" instance=ExtResource("26_q04x1")]
transform = Transform3D(1, 0, 0, 0, 1, 0, 0, 0, 1, -4.40155, 0.829071, 26.9776)

[node name="MIL_BarrierConcreteWall_01_Row5" parent="TeamOneMainBase/Static" instance=ExtResource("34_7c4is")]
transform = Transform3D(-4.37114e-08, 0, -1, 0.0394691, 0.999221, -1.72525e-09, 0.999221, -0.0394691, -4.36773e-08, 21.1931, 0.706985, 17.3607)

[node name="MIL_BarrierConcreteWall_01_Row6" parent="TeamOneMainBase/Static" instance=ExtResource("34_7c4is")]
transform = Transform3D(-4.37114e-08, 0, -1, 0.0394691, 0.999221, -1.72525e-09, 0.999221, -0.0394691, -4.36773e-08, 21.1895, -1.00444, -8.81094)

[node name="MIL_BarrierHesco_01_Row01f14" parent="TeamOneMainBase/Static" instance=ExtResource("31_rle1h")]
transform = Transform3D(-1, 1.01406e-08, -8.68326e-08, 2.25279e-08, 0.989596, -0.143873, 8.44703e-08, -0.143873, -0.989596, 20.8247, 1.52792, 26.0564)

[node name="MIL_BarrierHesco_01_Row01f19" parent="TeamOneMainBase/Static" instance=ExtResource("31_rle1h")]
transform = Transform3D(-2.16223e-07, 4.44089e-16, 1, -7.45058e-09, 1, -1.5099e-14, -1, 0, -2.15832e-07, 6.50302, 4.7066, 50.7579)

[node name="MIL_BarrierHesco_01_Row01f18" parent="TeamOneMainBase/Static" instance=ExtResource("31_rle1h")]
transform = Transform3D(-1, 1.01406e-08, -8.68326e-08, 2.16244e-08, 0.991077, -0.133294, 8.47061e-08, -0.133294, -0.991077, 20.8247, 3.40715, 38.7925)

[node name="MIL_BarrierHesco_01_Row01f15" parent="TeamOneMainBase/Static" instance=ExtResource("31_rle1h")]
transform = Transform3D(-1, 2.21858e-16, 8.74228e-08, -1.1367e-09, 0.999916, -0.0130023, -8.74154e-08, -0.0130023, -0.999916, 20.8247, -1.254, -16.9605)

[node name="MIL_BarrierHesco_01_Row01f16" parent="TeamOneMainBase/Static" instance=ExtResource("31_rle1h")]
transform = Transform3D(-0.999954, -0.00682479, 0.0067035, -0.00688323, 0.999938, -0.00873157, -0.00664348, -0.00877732, -0.99994, 20.8247, -1.38, -29.5385)

[node name="MIL_BarrierHesco_01_Row01f17" parent="TeamOneMainBase/Static" instance=ExtResource("31_rle1h")]
transform = Transform3D(1.31078e-07, -0.0293871, -0.999568, 3.85365e-09, 0.999568, -0.0293871, 1, 0, 1.31134e-07, 7.68591, -2.36169, -42.5702)

[node name="MIL_ImprovisedGuardTower_11" parent="TeamOneMainBase/Static" instance=ExtResource("32_jo3if")]
transform = Transform3D(-0.0212236, -0.0384924, -0.999034, -0.000817555, 0.999259, -0.0384838, 0.999775, 0, -0.0212394, 12.1678, -2.17223, -41.0076)

[node name="MIL_ImprovisedGuardTower_12" parent="TeamOneMainBase/Static" instance=ExtResource("32_jo3if")]
transform = Transform3D(-4.37114e-08, 0, -1, 0, 1, 0, 1, 0, -4.37114e-08, 11.7111, 4.24172, 47.071)

[node name="TeamTwoMainBase" type="Node3D" parent="."]
transform = Transform3D(1, 0, 0, 0, 1, 0, 0, 0, 1, 289.098, 120.802, 88.1856)

[node name="Shop" type="Node3D" parent="TeamTwoMainBase"]
transform = Transform3D(1, 0, 0, 0, 1, 0, 0, 0, 1, 36.7456, 2.29404, 3.62296)

[node name="CrateAmmo_01_StackA" parent="TeamTwoMainBase/Shop" instance=ExtResource("8_pv4rp")]
transform = Transform3D(-0.999197, 0, 0.040062, 0, 1, 0, -0.040062, 0, -0.999197, -1.18332, -2.11585, -0.899788)

[node name="AmmoChest_Small_01" parent="TeamTwoMainBase/Shop/CrateAmmo_01_StackA" instance=ExtResource("9_02cq0")]
transform = Transform3D(0.0523671, 0.00389943, -0.99862, -0.00261033, 0.999989, 0.0037679, 0.998624, 0.00240943, 0.0523767, -0.70813, 1.22723, 0.0537643)

[node name="WorldIcon" parent="TeamTwoMainBase/Shop" instance=ExtResource("7_6otnu")]
transform = Transform3D(1, 0, 0, 0, 1, 0, 0, 0, 1, -0.066925, -0.634064, -0.876945)
ObjId = 20
IconStringKey = "Base Upgrade Shop"
iconTextVisible = true
iconColor = [1.0, 1.0, 0.0]
iconImagePicker = 3
iconImageVisible = true

[node name="ModBuilder_InteractPoint2" parent="TeamTwoMainBase/Shop" instance=ExtResource("6_t5t0i")]
transform = Transform3D(1, 0, 0, 0, 1, 0, 0, 0, 1, -0.067, -0.634076, -0.877)
ObjId = 2

[node name="TEAM_2_HQ" parent="TeamTwoMainBase" node_paths=PackedStringArray("HQArea", "InfantrySpawns") instance=ExtResource("10_gfvww")]
transform = Transform3D(1, 0, 0, 0, 1, 0, 0, 0, 1, 49.2649, 0.268326, 5.53489)
Team = 2
AltTeam = 0
ObjId = 2
HQArea = NodePath("HQ_Team2")
InfantrySpawns = [NodePath("SpawnPoint_2_1"), NodePath("SpawnPoint_2_2"), NodePath("SpawnPoint_2_3"), NodePath("SpawnPoint_2_4")]

[node name="HQ_Team2" parent="TeamTwoMainBase/TEAM_2_HQ" instance=ExtResource("2_cjtf1")]
transform = Transform3D(1, 2.38419e-07, 0, 0, 0, -1, -2.38419e-07, 1, 0, 0, 5, 0)
points = PackedVector2Array(5, 5, 5, -5, -5, -5, -5, 5)

[node name="SpawnPoint_2_1" parent="TeamTwoMainBase/TEAM_2_HQ" instance=ExtResource("11_dcbts")]
transform = Transform3D(0.0243618, 0, -0.999704, 0, 1, 0, 0.999704, 0, 0.0243618, 0, 0, -3)

[node name="SpawnPoint_2_2" parent="TeamTwoMainBase/TEAM_2_HQ" instance=ExtResource("11_dcbts")]
transform = Transform3D(-0.0691822, 0, -0.997604, 0, 1, 0, 0.997604, 0, -0.0691822, 3, 0, 0)

[node name="SpawnPoint_2_3" parent="TeamTwoMainBase/TEAM_2_HQ" instance=ExtResource("11_dcbts")]
transform = Transform3D(-0.162758, 0, -0.986666, 0, 1, 0, 0.986666, 0, -0.162758, -3, 0, 0)

[node name="SpawnPoint_2_4" parent="TeamTwoMainBase/TEAM_2_HQ" instance=ExtResource("11_dcbts")]
transform = Transform3D(0.0951155, 0, -0.995466, 0, 1, 0, 0.995466, 0, 0.0951155, 0, 0, 3)

[node name="RuntimeSpawn" type="Node3D" parent="TeamTwoMainBase"]
transform = Transform3D(-1, 0, 2.98023e-08, 0, 1, 0, -2.98023e-08, 0, -1, 29.507, -50, 11.424)

[node name="BikeSpawner2" type="Node3D" parent="TeamTwoMainBase/RuntimeSpawn"]
transform = Transform3D(0.998471, 0.0552813, 0, -0.0552813, 0.998471, 0, 0, 0, 1, 22.5282, -0.404221, 31.4252)

[node name="WorkBench_01" parent="TeamTwoMainBase/RuntimeSpawn/BikeSpawner2" instance=ExtResource("12_t5t0i")]
transform = Transform3D(-0.998471, -0.0552813, -8.72891e-08, -0.0552813, 0.998471, -4.83285e-09, 8.74228e-08, 0, -1, -34.4394, -1.19913, -2.3642)

[node name="WeaponCasesPallet_01" parent="TeamTwoMainBase/RuntimeSpawn/BikeSpawner2" instance=ExtResource("13_pv4rp")]
transform = Transform3D(-0.998471, -0.0552813, 8.72892e-08, -0.0552813, 0.998471, 4.83285e-09, -8.74228e-08, 1.33227e-15, -1, -30.8251, -1.02957, -1.63672)

[node name="BikeSpawner3" type="Node3D" parent="TeamTwoMainBase/RuntimeSpawn"]
transform = Transform3D(0.998471, 0.0552813, 0, -0.0552813, 0.998471, 0, 0, 0, 1, 22.5282, -4.0563, -15.8322)

[node name="WorkBench_02" parent="TeamTwoMainBase/RuntimeSpawn/BikeSpawner3" instance=ExtResource("12_t5t0i")]
transform = Transform3D(-0.998471, -0.0552813, -8.72891e-08, -0.0552813, 0.998471, -4.83285e-09, 8.74228e-08, 0, -1, -50.9159, 1.54627, 44.8154)

[node name="WeaponsCache_01_Crate_B" parent="TeamTwoMainBase/RuntimeSpawn/BikeSpawner3" instance=ExtResource("14_02cq0")]
transform = Transform3D(-0.998471, -0.0552813, 8.72891e-08, -0.0552813, 0.998471, 4.83285e-09, -8.74228e-08, 1.33227e-15, -1, -53.8239, 1.40104, 45.6561)

[node name="CarSpawner" type="Node3D" parent="TeamTwoMainBase/RuntimeSpawn"]
transform = Transform3D(1, 0, 0, 0, 1, 0, 0, 0, 1, -0.000305176, -2.86784, 0.000244141)

[node name="CrateAmmo_01_StackA" parent="TeamTwoMainBase/RuntimeSpawn/CarSpawner" instance=ExtResource("8_pv4rp")]
transform = Transform3D(1, 0, 0, 0, 1, 0, 0, 0, 1, -29.579, 3.18943, 1.537)

[node name="CrateAmmo_01_StackC" parent="TeamTwoMainBase/RuntimeSpawn/CarSpawner" instance=ExtResource("15_0lgk8")]
transform = Transform3D(1, 0, 0, 0, 1, 0, 0, 0, 1, -32.665, 3.17043, 1.513)

[node name="Helipad4" type="Node3D" parent="TeamTwoMainBase/RuntimeSpawn"]
transform = Transform3D(1, 0, 0, 0, 1, 0, 0, 0, 1, -19.5179, -7.43433, -42.9394)

[node name="IND_ConstructionSite_02" parent="TeamTwoMainBase/RuntimeSpawn/Helipad4" instance=ExtResource("43_fsrq6")]
transform = Transform3D(-1, 8.74228e-08, 0, -8.74228e-08, -1, 0, 0, 0, 1, -0.033432, 4.11454, -0.102722)

[node name="StairsRefinery_02" parent="TeamTwoMainBase/RuntimeSpawn/Helipad4" instance=ExtResource("15_yxhka")]
transform = Transform3D(-4.37114e-08, 0, 1, 0, 1, 0, -1, 0, -4.37114e-08, -4.61691, -3.58878, -5.74759)

[node name="StairsRefinery_03" parent="TeamTwoMainBase/RuntimeSpawn/Helipad4" instance=ExtResource("15_yxhka")]
transform = Transform3D(-1, 0, -8.74228e-08, 0, 1, 0, 8.74228e-08, 0, -1, -7.53499, -3.58878, 3.18668)

[node name="StairsRefinery_04" parent="TeamTwoMainBase/RuntimeSpawn/Helipad4" instance=ExtResource("15_yxhka")]
transform = Transform3D(1.31134e-07, 0, -1, 0, 1, 0, 1, 0, 1.31134e-07, 4.01553, -3.58878, 5.52725)

[node name="StairsRefinery_05" parent="TeamTwoMainBase/RuntimeSpawn/Helipad4" instance=ExtResource("15_yxhka")]
transform = Transform3D(1, 0, 1.74846e-07, 0, 1, 0, -1.74846e-07, 0, 1, 7.56537, -3.58878, -3.18823)

[node name="Spawners2" type="Node3D" parent="TeamTwoMainBase"]
transform = Transform3D(1, 0, 0, 0, 1, 0, 0, 0, 1, 2.6055, -2.02463, -0.487617)

[node name="buggySpawner" type="Node3D" parent="TeamTwoMainBase/Spawners2"]
transform = Transform3D(1, 0, 0, 0, 1, 0, 0, 0, 1, 55.7344, 4.10818, -13.3559)

[node name="VehicleSpawner" parent="TeamTwoMainBase/Spawners2/buggySpawner" instance=ExtResource("13_adqkp")]
transform = Transform3D(0.997379, 0, 0.0723504, 0, 1, 0, -0.0723504, 0, 0.997379, -5.33017, 0, 0)
ObjId = 301
VehicleType = 10

[node name="VehicleSpawner2" parent="TeamTwoMainBase/Spawners2/buggySpawner" instance=ExtResource("13_adqkp")]
transform = Transform3D(1, 0, 0, 0, 1, 0, 0, 0, 1, 0.584442, 0, 0)
ObjId = 302
VehicleType = 10

[node name="VehicleSpawner3" parent="TeamTwoMainBase/Spawners2/buggySpawner" instance=ExtResource("13_adqkp")]
transform = Transform3D(1, 0, 0, 0, 1, 0, 0, 0, 1, 3.99002, 0, 0)
ObjId = 303
VehicleType = 10

[node name="VehicleSpawner4" parent="TeamTwoMainBase/Spawners2/buggySpawner" instance=ExtResource("13_adqkp")]
transform = Transform3D(0.999914, 0, -0.013107, 0, 1, 0, 0.013107, 0, 0.999914, -2.06189, 0, 0)
ObjId = 304
VehicleType = 10

[node name="buggySpawner2" type="Node3D" parent="TeamTwoMainBase/Spawners2"]
transform = Transform3D(1, 0, 0, 0, 1, 0, 0, 0, 1, 38.1357, 3.99094, -13.6209)

[node name="VehicleSpawner5" parent="TeamTwoMainBase/Spawners2/buggySpawner2" instance=ExtResource("13_adqkp")]
transform = Transform3D(1, 0, 0, 0, 1, 0, 0, 0, 1, -4.02368, 0, 0)
ObjId = 305
VehicleType = 10

[node name="VehicleSpawner6" parent="TeamTwoMainBase/Spawners2/buggySpawner2" instance=ExtResource("13_adqkp")]
transform = Transform3D(1, 0, 0, 0, 1, 0, 0, 0, 1, -0.857391, 0, 0)
ObjId = 306
VehicleType = 10

[node name="VehicleSpawner7" parent="TeamTwoMainBase/Spawners2/buggySpawner2" instance=ExtResource("13_adqkp")]
transform = Transform3D(1, 0, 0, 0, 1, 0, 0, 0, 1, 2.51337, 0, 0)
ObjId = 307
VehicleType = 10

[node name="VehicleSpawner8" parent="TeamTwoMainBase/Spawners2/buggySpawner2" instance=ExtResource("13_adqkp")]
transform = Transform3D(1, 0, 0, 0, 1, 0, 0, 0, 1, 5.37659, 0, 0)
ObjId = 308
VehicleType = 10

[node name="vehicleSpawner" type="Node3D" parent="TeamTwoMainBase/Spawners2"]

[node name="VehicleSpawner9" parent="TeamTwoMainBase/Spawners2/vehicleSpawner" instance=ExtResource("13_adqkp")]
transform = Transform3D(-4.37114e-08, 0, -1, 0, 1, 0, 1, 0, -4.37114e-08, 56.3292, 3.99094, 16.177)
ObjId = 167
VehicleType = 9

[node name="TransportHeliSpawner" parent="TeamTwoMainBase/Spawners2" instance=ExtResource("13_adqkp")]
transform = Transform3D(2.98023e-08, 0, -1, 0, 1, 0, 1, 0, 2.98023e-08, 46.7893, 4.23833, 54.4511)
ObjId = 182
VehicleType = 5

[node name="StaticObjects" type="Node3D" parent="TeamTwoMainBase"]

[node name="Warehouse_01_A" parent="TeamTwoMainBase/StaticObjects" instance=ExtResource("21_lr3ph")]
transform = Transform3D(1, 0, 1.74846e-07, 0, 1, 0, -1.74846e-07, 0, 1, 34.1767, 0.268326, 21.5927)

[node name="HighwayOverpass_Straight_01_4096" parent="TeamTwoMainBase/StaticObjects" instance=ExtResource("16_0lgk8")]
transform = Transform3D(-0.965926, -0.258819, -8.74228e-08, -0.258819, 0.965926, 0, 8.44439e-08, 2.26267e-08, -1, -4.54105, -11.4181, 7.10255)

[node name="HighwayOverpass_Straight_01_4097" parent="TeamTwoMainBase/StaticObjects" instance=ExtResource("16_0lgk8")]
transform = Transform3D(1.73851e-07, 3.75278e-08, -1, -0.258819, 0.965926, 3.8567e-09, 0.965926, 0.258819, 8.74228e-08, 50.0922, -11.4598, 60.7821)

[node name="HighwayOverpass_Straight_01_4098" parent="TeamTwoMainBase/StaticObjects" instance=ExtResource("16_0lgk8")]
transform = Transform3D(-2.58295e-07, -6.01545e-08, 1, -0.258819, 0.965926, 3.8567e-09, -0.965926, -0.258819, -1.74846e-07, 50.0922, -11.4598, -58.5497)

[node name="DirtMoundLarge_01" parent="TeamTwoMainBase/StaticObjects" instance=ExtResource("25_l7dyv")]
transform = Transform3D(-3.17265, 0, 2.43604, 0, 4, 0, -2.43604, 0, -3.17265, 36.5534, -9.85332, 19.9423)

[node name="DirtMoundLarge_02" parent="TeamTwoMainBase/StaticObjects" instance=ExtResource("25_l7dyv")]
transform = Transform3D(-2.43604, 0, -3.17265, 0, 4, 0, 3.17265, 0, -2.43604, 62.6642, -9.85332, 19.5862)

[node name="DirtMoundLarge_03" parent="TeamTwoMainBase/StaticObjects" instance=ExtResource("25_l7dyv")]
transform = Transform3D(-0.586956, 0, -3.9567, 0, 4, 0, 3.9567, 0, -0.586956, 65.1955, -8.20251, 9.38898)

[node name="DirtMoundLarge_04" parent="TeamTwoMainBase/StaticObjects" instance=ExtResource("25_l7dyv")]
transform = Transform3D(0.372471, 0, 3.98262, 0, 4, 0, -3.98262, 0, 0.372471, 65.1955, -8.83522, -1.18209)

[node name="DirtMoundLarge_05" parent="TeamTwoMainBase/StaticObjects" instance=ExtResource("25_l7dyv")]
transform = Transform3D(0.372471, 6.03024e-08, 3.98262, 0.686782, 3.94008, -0.0642308, -3.92296, 0.689779, 0.366891, 66.903, -8.07581, -14.7013)

[node name="DirtMoundLarge_06" parent="TeamTwoMainBase/StaticObjects" instance=ExtResource("25_l7dyv")]
transform = Transform3D(-3.98262, 5.96046e-08, 0.372471, 0.0642306, 3.94008, 0.686782, -0.366891, 0.689779, -3.92296, 58.2109, -8.35602, -18.6159)

[node name="DirtMoundLarge_07" parent="TeamTwoMainBase/StaticObjects" instance=ExtResource("25_l7dyv")]
transform = Transform3D(-3.98262, 5.96046e-08, 0.372471, 0.0642306, 3.94008, 0.686782, -0.366891, 0.689779, -3.92296, 47.7414, -9.07092, -19.5804)

[node name="DirtMoundLarge_08" parent="TeamTwoMainBase/StaticObjects" instance=ExtResource("25_l7dyv")]
transform = Transform3D(-3.99574, 6.70552e-08, -0.184591, -0.0318318, 3.94008, 0.689045, 0.181826, 0.689779, -3.93588, 37.4536, -8.60136, -20.6297)

[node name="BarrierHesco_01_256x240" parent="TeamTwoMainBase/StaticObjects" instance=ExtResource("17_6otnu")]
transform = Transform3D(-1, 0, -8.74228e-08, 0, 1, 0, 8.74228e-08, 0, -1, 27.2783, -1.85701, -7.60433)

[node name="BarrierHesco_01_Row06" parent="TeamTwoMainBase/StaticObjects" instance=ExtResource("26_q04x1")]
transform = Transform3D(-1, 0, -8.74228e-08, 0, 1, 0, 8.74228e-08, 0, -1, 33.2322, -2.18736, -5.45635)

[node name="BarrierHesco_01_Row07" parent="TeamTwoMainBase/StaticObjects" instance=ExtResource("26_q04x1")]
transform = Transform3D(-1, 0, -8.74228e-08, 0, 1, 0, 8.74228e-08, 0, -1, 33.2322, -2.18736, -10.5527)

[node name="BarrierHesco_01_Row08" parent="TeamTwoMainBase/StaticObjects" instance=ExtResource("26_q04x1")]
transform = Transform3D(-1, 0, -8.74228e-08, 0, 1, 0, 8.74228e-08, 0, -1, 33.2322, -2.18736, -15.6582)

[node name="MIL_BarrierConcreteWall_01_Row5" parent="TeamTwoMainBase/StaticObjects" instance=ExtResource("34_7c4is")]
transform = Transform3D(-4.36433e-08, 3.4505e-09, 1, -0.0290033, 0.999579, -4.71485e-09, -0.999579, -0.0290033, -4.35248e-08, 3.70596, -2.42392, -9.13049)

[node name="MIL_BarrierConcreteWall_01_Row6" parent="TeamTwoMainBase/StaticObjects" instance=ExtResource("34_7c4is")]
transform = Transform3D(-4.36433e-08, 3.4505e-09, 1, 0.0394691, 0.999221, -1.72525e-09, -0.999221, 0.0394691, -4.37455e-08, 3.70956, -3.18129, 17.0411)

[node name="MIL_BarrierHesco_01_Row01f14" parent="TeamTwoMainBase/StaticObjects" instance=ExtResource("31_rle1h")]
transform = Transform3D(1, 2.43717e-09, 1.73346e-07, -6.04877e-09, 0.999783, 0.0208377, -1.73257e-07, -0.0208377, 0.999783, 4.0744, -2.46496, -17.8263)

[node name="MIL_BarrierHesco_01_Row01f19" parent="TeamTwoMainBase/StaticObjects" instance=ExtResource("31_rle1h")]
transform = Transform3D(3.03646e-07, -4.44089e-16, -1, -7.45058e-09, 1, -1.5099e-14, 1, 6.56835e-21, 3.03255e-07, 18.3961, -1.88805, -42.5277)

[node name="MIL_BarrierHesco_01_Row01f18" parent="TeamTwoMainBase/StaticObjects" instance=ExtResource("31_rle1h")]
transform = Transform3D(1, 1.51239e-09, 1.73475e-07, 1.04352e-08, 0.997627, -0.0688511, -1.73168e-07, 0.0688511, 0.997627, 4.0744, -1.9731, -30.5623)

[node name="MIL_BarrierHesco_01_Row01f15" parent="TeamTwoMainBase/StaticObjects" instance=ExtResource("31_rle1h")]
transform = Transform3D(1, 1.1367e-09, -7.38964e-12, -1.1367e-09, 0.999916, -0.0130023, -7.38254e-12, 0.0130023, 0.999916, 4.0744, -3.24461, 25.1907)

[node name="MIL_BarrierHesco_01_Row01f16" parent="TeamTwoMainBase/StaticObjects" instance=ExtResource("31_rle1h")]
transform = Transform3D(0.999954, 0.00682479, -0.00670341, -0.00688323, 0.999938, -0.00873157, 0.00664339, 0.00877732, 0.99994, 4.0744, -3.37061, 37.7686)

[node name="MIL_BarrierHesco_01_Row01f17" parent="TeamTwoMainBase/StaticObjects" instance=ExtResource("31_rle1h")]
transform = Transform3D(-2.18377e-07, -0.0261421, 0.999658, -8.28077e-09, 0.999658, 0.0261421, -1, -2.5691e-09, -2.18519e-07, 17.2132, -3.18985, 50.8004)

